ProjectID,Advisor_Request,Response,Response_date
